0.0 0.0 36.0 f
0.00011243709800155734 1.3000891712255342 38.444927944427945 f
0.00010131278526070379 2.600038582504605 40.74316387123109 f
5.6050375115277735e-05 3.899939867039955 42.91842940023856 f
-1.5034156226822202e-05 5.199797847614655 44.988572990658795 f
-0.00010865752880343412 6.499596396482117 46.967472755613876 f
-0.00023980405683255595 7.799284640567303 48.866142186053544 f
-0.0004443587527108972 9.09877425239871 49.541577145417754 f
-0.0007805421528706095 10.397929519334944 47.67060019125725 f
-0.0013374738807332455 11.696537981329056 45.72396440813071 f
-0.0022556080240701765 12.994255084702738 43.69211005723042 f
-0.003762915128654258 14.290514028890085 41.56349487683608 f
-0.006233723281073388 15.58438182446441 39.324067499607665 f
-0.010283750484705246 16.87432587359961 36.95658571524516 f
-0.016923939743034782 18.15783299575159 34.43974195525212 f
-0.027815966042185777 19.4307763660269 31.747082233488534 f
-0.045679178983177166 20.686400897381272 28.845658384063903 f
-0.07498796381741642 21.91359597131504 25.69466298770225 f
-0.12306293395991129 23.094177059610068 22.244041285011306 f
-0.20192799490885746 24.198278557752243 18.434460556337655 f
-0.33130217134844925 25.17692022611192 14.19955915167465 f
-0.5435267223399514 25.94976769590998 9.456403885692685 f
-0.8916575007704779 26.385032993052636 3.3753637556565175 f
-1.4627287975676773 26.291528460818032 11.431142154520634 f
-2.169698922182585 25.875687281995805 42.74253619402433 f
-2.9594994642383683 25.263361924193457 53.785415864813345 f
-3.7997700994915062 24.531282713033743 52.31489478808145 f
-4.670769176234109 23.726238861656817 50.70305723699848 f
-5.560437495977604 22.876777633960405 48.97539144702671 f
-6.461382716513081 22.000342951191428 47.14467736840206 f
-7.369031260424361 21.10763633056343 45.21491344420255 f
-8.280485357117989 20.20529126108126 43.18366794107369 f
-9.193798775381643 19.297531106942916 41.043285109091435 f
-10.107490718387044 18.387224670161928 38.78123662627408 f
-11.02017299095391 17.476606327484667 36.37975599885258 f
-11.930210570620124 16.56782723628075 33.814685259447515 f
-12.835294889266994 15.663510625490902 31.053363258753723 f
-13.73189738815576 14.767377715274357 28.05066153481066 f
-14.614351426795364 13.88521171682426 24.741688280938984 f
-15.473461568305446 13.0262810350472 21.025550498216667 f
-16.294199260126543 12.20565830887261 16.720866660656327 f
-17.051937679450194 11.447998964056502 11.38291073270241 f
-17.7064 10.7936 0 f
